return {
-- Table: {1}
{
   {2},
   {3},
   {4},
   {5},
   {6},
   {7},
   {8},
   {9},
   {10},
   {11},
   {12},
   {13},
   {14},
   {15},
   {16},
   {17},
   {18},
   {19},
   {20},
   {21},
   {22},
   {23},
   {24},
   {25},
   {26},
   {27},
   {28},
   {29},
   {30},
   [0]={31},
},
-- Table: {2}
{
   8,
   8,
   8,
   0,
   0,
   0,
   0,
   8,
   8,
   8,
   8,
   1,
   1,
   6,
   6,
   1,
   1,
   8,
   8,
   8,
   8,
   8,
   8,
   8,
   8,
   8,
   8,
   8,
   4,
   [0]=4,
},
-- Table: {3}
{
   8,
   8,
   0,
   0,
   0,
   0,
   0,
   0,
   8,
   0,
   8,
   0,
   1,
   6,
   6,
   1,
   0,
   0,
   8,
   4,
   4,
   4,
   4,
   4,
   4,
   4,
   4,
   8,
   4,
   [0]=4,
},
-- Table: {4}
{
   8,
   0,
   4,
   4,
   4,
   4,
   4,
   0,
   0,
   0,
   0,
   0,
   0,
   6,
   6,
   0,
   0,
   0,
   8,
   4,
   6,
   6,
   15,
   6,
   2,
   2,
   4,
   8,
   4,
   [0]=4,
},
-- Table: {5}
{
   8,
   0,
   4,
   6,
   6,
   6,
   4,
   0,
   0,
   0,
   0,
   0,
   0,
   6,
   6,
   1,
   0,
   0,
   0,
   4,
   6,
   6,
   15,
   6,
   2,
   2,
   4,
   8,
   4,
   [0]=4,
},
-- Table: {6}
{
   8,
   0,
   4,
   6,
   15,
   6,
   4,
   0,
   0,
   0,
   0,
   0,
   0,
   6,
   6,
   1,
   0,
   8,
   0,
   4,
   6,
   6,
   15,
   6,
   2,
   2,
   4,
   8,
   4,
   [0]=4,
},
-- Table: {7}
{
   8,
   0,
   4,
   4,
   6,
   4,
   4,
   0,
   0,
   1,
   1,
   0,
   0,
   6,
   6,
   1,
   1,
   8,
   0,
   4,
   6,
   4,
   4,
   4,
   4,
   4,
   4,
   0,
   4,
   [0]=4,
},
-- Table: {8}
{
   8,
   0,
   0,
   0,
   6,
   12,
   0,
   0,
   1,
   1,
   1,
   1,
   0,
   6,
   6,
   1,
   0,
   8,
   0,
   0,
   0,
   0,
   8,
   0,
   0,
   8,
   0,
   0,
   4,
   [0]=4,
},
-- Table: {9}
{
   8,
   8,
   0,
   0,
   6,
   0,
   0,
   1,
   1,
   8,
   1,
   1,
   0,
   6,
   6,
   1,
   0,
   0,
   0,
   0,
   0,
   8,
   8,
   8,
   8,
   8,
   8,
   0,
   4,
   [0]=4,
},
-- Table: {10}
{
   8,
   0,
   0,
   0,
   6,
   0,
   0,
   1,
   8,
   8,
   8,
   1,
   1,
   6,
   6,
   0,
   0,
   4,
   4,
   4,
   4,
   4,
   4,
   4,
   4,
   4,
   8,
   0,
   4,
   [0]=4,
},
-- Table: {11}
{
   8,
   0,
   0,
   0,
   6,
   0,
   1,
   1,
   1,
   8,
   8,
   8,
   1,
   6,
   6,
   0,
   0,
   4,
   6,
   6,
   6,
   4,
   6,
   6,
   6,
   4,
   0,
   0,
   4,
   [0]=4,
},
-- Table: {12}
{
   0,
   0,
   0,
   0,
   6,
   0,
   1,
   1,
   8,
   8,
   8,
   1,
   0,
   6,
   6,
   0,
   0,
   4,
   6,
   6,
   6,
   4,
   6,
   6,
   6,
   4,
   0,
   0,
   4,
   [0]=4,
},
-- Table: {13}
{
   8,
   8,
   0,
   0,
   6,
   0,
   0,
   1,
   1,
   1,
   1,
   1,
   0,
   6,
   6,
   0,
   0,
   4,
   4,
   6,
   4,
   4,
   4,
   6,
   4,
   4,
   0,
   8,
   4,
   [0]=4,
},
-- Table: {14}
{
   8,
   0,
   0,
   0,
   6,
   0,
   0,
   0,
   0,
   1,
   1,
   0,
   0,
   6,
   6,
   0,
   0,
   0,
   0,
   6,
   0,
   0,
   0,
   6,
   0,
   0,
   0,
   8,
   8,
   [0]=8,
},
-- Table: {15}
{
   6,
   6,
   6,
   6,
   6,
   6,
   6,
   6,
   6,
   6,
   6,
   6,
   6,
   6,
   6,
   6,
   6,
   6,
   6,
   6,
   6,
   6,
   6,
   6,
   6,
   6,
   6,
   6,
   6,
   [0]=6,
},
-- Table: {16}
{
   6,
   6,
   6,
   6,
   6,
   6,
   6,
   6,
   6,
   6,
   6,
   6,
   6,
   6,
   6,
   6,
   6,
   6,
   6,
   6,
   6,
   6,
   6,
   6,
   6,
   6,
   6,
   6,
   6,
   [0]=6,
},
-- Table: {17}
{
   8,
   0,
   0,
   0,
   0,
   0,
   0,
   6,
   0,
   0,
   0,
   0,
   8,
   0,
   6,
   0,
   0,
   0,
   8,
   0,
   0,
   0,
   0,
   0,
   2,
   2,
   2,
   8,
   8,
   [0]=8,
},
-- Table: {18}
{
   8,
   8,
   0,
   0,
   0,
   0,
   0,
   6,
   0,
   0,
   0,
   8,
   8,
   0,
   6,
   0,
   8,
   8,
   8,
   8,
   0,
   2,
   2,
   2,
   2,
   2,
   2,
   2,
   8,
   [0]=4,
},
-- Table: {19}
{
   8,
   0,
   0,
   0,
   0,
   0,
   0,
   6,
   0,
   0,
   8,
   8,
   0,
   0,
   6,
   8,
   8,
   8,
   0,
   0,
   2,
   2,
   2,
   2,
   2,
   2,
   2,
   2,
   2,
   [0]=4,
},
-- Table: {20}
{
   0,
   0,
   0,
   0,
   0,
   4,
   13,
   6,
   4,
   0,
   0,
   0,
   0,
   0,
   6,
   0,
   8,
   0,
   0,
   2,
   2,
   2,
   2,
   2,
   2,
   2,
   2,
   2,
   2,
   [0]=4,
},
-- Table: {21}
{
   0,
   4,
   4,
   4,
   4,
   4,
   4,
   6,
   4,
   4,
   4,
   0,
   0,
   0,
   6,
   8,
   0,
   0,
   2,
   2,
   2,
   2,
   0,
   0,
   2,
   2,
   2,
   2,
   2,
   [0]=4,
},
-- Table: {22}
{
   0,
   4,
   6,
   6,
   4,
   6,
   6,
   6,
   15,
   6,
   4,
   0,
   0,
   0,
   6,
   0,
   0,
   2,
   2,
   0,
   0,
   0,
   0,
   0,
   0,
   0,
   2,
   2,
   2,
   [0]=4,
},
-- Table: {23}
{
   0,
   4,
   6,
   6,
   4,
   6,
   4,
   4,
   4,
   4,
   4,
   0,
   8,
   0,
   6,
   6,
   6,
   14,
   0,
   0,
   0,
   0,
   0,
   0,
   0,
   0,
   0,
   0,
   2,
   [0]=4,
},
-- Table: {24}
{
   0,
   4,
   6,
   6,
   11,
   6,
   6,
   6,
   6,
   6,
   4,
   0,
   8,
   0,
   0,
   0,
   0,
   2,
   0,
   0,
   4,
   6,
   4,
   4,
   4,
   4,
   8,
   0,
   2,
   [0]=4,
},
-- Table: {25}
{
   0,
   4,
   6,
   4,
   4,
   6,
   4,
   4,
   6,
   6,
   4,
   0,
   8,
   8,
   0,
   0,
   2,
   2,
   0,
   0,
   4,
   6,
   6,
   4,
   6,
   4,
   8,
   0,
   2,
   [0]=4,
},
-- Table: {26}
{
   0,
   4,
   6,
   6,
   4,
   6,
   6,
   4,
   6,
   6,
   4,
   8,
   8,
   8,
   8,
   0,
   2,
   2,
   2,
   0,
   4,
   6,
   6,
   15,
   6,
   4,
   0,
   2,
   2,
   [0]=4,
},
-- Table: {27}
{
   0,
   4,
   6,
   6,
   4,
   6,
   6,
   4,
   6,
   6,
   4,
   0,
   8,
   8,
   0,
   0,
   2,
   2,
   0,
   0,
   4,
   6,
   6,
   4,
   6,
   4,
   0,
   8,
   2,
   [0]=4,
},
-- Table: {28}
{
   0,
   4,
   4,
   4,
   4,
   4,
   4,
   4,
   4,
   4,
   4,
   0,
   8,
   0,
   0,
   2,
   2,
   2,
   2,
   0,
   4,
   4,
   4,
   4,
   4,
   4,
   8,
   8,
   2,
   [0]=4,
},
-- Table: {29}
{
   0,
   0,
   0,
   0,
   0,
   0,
   0,
   0,
   0,
   0,
   0,
   0,
   0,
   0,
   2,
   2,
   2,
   2,
   2,
   0,
   0,
   0,
   0,
   0,
   2,
   2,
   8,
   2,
   2,
   [0]=4,
},
-- Table: {30}
{
   4,
   4,
   4,
   4,
   4,
   4,
   4,
   4,
   4,
   4,
   4,
   4,
   4,
   4,
   4,
   4,
   4,
   4,
   4,
   2,
   2,
   2,
   2,
   2,
   2,
   2,
   2,
   2,
   2,
   [0]=4,
},
-- Table: {31}
{
   4,
   4,
   4,
   4,
   4,
   4,
   4,
   4,
   4,
   4,
   4,
   4,
   1,
   6,
   6,
   1,
   4,
   4,
   4,
   4,
   4,
   4,
   4,
   4,
   4,
   4,
   4,
   4,
   4,
   [0]=4,
},
}