return {
-- Table: {1}
{
   {2},
   {3},
   {4},
   {5},
   {6},
   {7},
   {8},
   {9},
   {10},
   {11},
   {12},
   {13},
   {14},
   {15},
   {16},
   {17},
   {18},
   {19},
   {20},
   [0]={21},
},
-- Table: {2}
{
   2,
   4,
   6,
   1,
   1,
   1,
   1,
   1,
   1,
   1,
   1,
   1,
   1,
   1,
   6,
   6,
   14,
   6,
   6,
   [0]=2,
},
-- Table: {3}
{
   4,
   4,
   6,
   4,
   4,
   4,
   4,
   4,
   4,
   4,
   4,
   4,
   4,
   4,
   4,
   4,
   2,
   4,
   4,
   [0]=4,
},
-- Table: {4}
{
   6,
   6,
   6,
   6,
   6,
   6,
   6,
   6,
   6,
   6,
   6,
   6,
   4,
   4,
   4,
   4,
   2,
   2,
   2,
   [0]=4,
},
-- Table: {5}
{
   6,
   4,
   4,
   4,
   4,
   4,
   6,
   6,
   6,
   6,
   6,
   6,
   2,
   2,
   2,
   4,
   2,
   4,
   4,
   [0]=4,
},
-- Table: {6}
{
   6,
   4,
   6,
   6,
   6,
   4,
   6,
   3,
   3,
   6,
   6,
   6,
   4,
   2,
   2,
   2,
   2,
   2,
   4,
   [0]=4,
},
-- Table: {7}
{
   6,
   4,
   4,
   11,
   4,
   4,
   6,
   3,
   6,
   6,
   6,
   6,
   4,
   2,
   4,
   2,
   4,
   2,
   4,
   [0]=4,
},
-- Table: {8}
{
   6,
   6,
   6,
   6,
   6,
   6,
   6,
   6,
   6,
   6,
   6,
   6,
   6,
   6,
   6,
   6,
   6,
   6,
   4,
   [0]=4,
},
-- Table: {9}
{
   6,
   6,
   6,
   6,
   6,
   6,
   6,
   6,
   6,
   6,
   6,
   6,
   6,
   6,
   6,
   6,
   6,
   6,
   4,
   [0]=4,
},
-- Table: {10}
{
   4,
   4,
   4,
   4,
   4,
   4,
   4,
   4,
   4,
   4,
   4,
   4,
   4,
   4,
   4,
   6,
   6,
   6,
   4,
   [0]=4,
},
-- Table: {11}
{
   4,
   6,
   6,
   4,
   6,
   4,
   8,
   8,
   8,
   8,
   8,
   8,
   8,
   8,
   4,
   4,
   11,
   4,
   4,
   [0]=2,
},
-- Table: {12}
{
   4,
   6,
   6,
   15,
   6,
   4,
   8,
   8,
   0,
   6,
   6,
   6,
   0,
   8,
   8,
   8,
   6,
   8,
   8,
   [0]=2,
},
-- Table: {13}
{
   4,
   6,
   4,
   4,
   4,
   4,
   8,
   0,
   0,
   6,
   8,
   6,
   6,
   6,
   6,
   6,
   6,
   6,
   6,
   [0]=4,
},
-- Table: {14}
{
   0,
   6,
   0,
   0,
   0,
   0,
   0,
   6,
   6,
   6,
   6,
   6,
   0,
   0,
   6,
   0,
   0,
   0,
   0,
   [0]=0,
},
-- Table: {15}
{
   6,
   6,
   6,
   6,
   6,
   6,
   6,
   6,
   0,
   6,
   0,
   0,
   0,
   13,
   6,
   4,
   4,
   4,
   8,
   [0]=6,
},
-- Table: {16}
{
   8,
   8,
   0,
   6,
   0,
   8,
   0,
   0,
   0,
   6,
   12,
   0,
   0,
   4,
   6,
   15,
   6,
   4,
   4,
   [0]=8,
},
-- Table: {17}
{
   4,
   4,
   4,
   6,
   4,
   8,
   1,
   4,
   4,
   6,
   4,
   4,
   0,
   4,
   6,
   4,
   4,
   4,
   4,
   [0]=4,
},
-- Table: {18}
{
   4,
   6,
   6,
   6,
   4,
   4,
   1,
   4,
   6,
   15,
   6,
   4,
   0,
   4,
   6,
   4,
   6,
   6,
   4,
   [0]=2,
},
-- Table: {19}
{
   4,
   4,
   4,
   4,
   4,
   2,
   4,
   4,
   6,
   6,
   6,
   4,
   0,
   4,
   6,
   6,
   6,
   6,
   4,
   [0]=2,
},
-- Table: {20}
{
   2,
   2,
   2,
   2,
   2,
   2,
   2,
   4,
   4,
   4,
   4,
   4,
   0,
   4,
   4,
   4,
   4,
   4,
   4,
   [0]=2,
},
-- Table: {21}
{
   2,
   4,
   6,
   6,
   6,
   6,
   6,
   6,
   6,
   6,
   6,
   6,
   6,
   6,
   6,
   2,
   2,
   4,
   7,
   [0]=2,
},
}