return {
-- Table: {1}
{
   {2},
   {3},
   {4},
   {5},
   {6},
   {7},
   {8},
   {9},
   {10},
   {11},
   {12},
   {13},
   {14},
   {15},
   {16},
   {17},
   {18},
   {19},
   {20},
   {21},
   {22},
   {23},
   {24},
   {25},
},
-- Table: {2}
{
   4,
   4,
   4,
   0,
   8,
   8,
   8,
   4,
   4,
   4,
   4,
   4,
   8,
   8,
   8,
   8,
   8,
   8,
   8,
   8,
   4,
   4,
   4,
   4,
},
-- Table: {3}
{
   4,
   6,
   4,
   0,
   0,
   8,
   8,
   4,
   6,
   6,
   6,
   4,
   8,
   8,
   8,
   8,
   8,
   8,
   4,
   13,
   4,
   6,
   6,
   4,
},
-- Table: {4}
{
   4,
   15,
   4,
   9,
   0,
   8,
   8,
   6,
   6,
   2,
   6,
   6,
   1,
   1,
   1,
   1,
   1,
   1,
   6,
   6,
   6,
   6,
   6,
   4,
},
-- Table: {5}
{
   9,
   6,
   9,
   9,
   0,
   8,
   8,
   4,
   6,
   6,
   6,
   4,
   8,
   1,
   8,
   8,
   8,
   8,
   4,
   15,
   4,
   4,
   4,
   4,
},
-- Table: {6}
{
   9,
   9,
   9,
   0,
   0,
   4,
   4,
   4,
   4,
   6,
   4,
   4,
   8,
   1,
   8,
   8,
   8,
   8,
   4,
   6,
   4,
   8,
   8,
   8,
},
-- Table: {7}
{
   0,
   9,
   0,
   0,
   0,
   4,
   8,
   8,
   8,
   8,
   8,
   8,
   8,
   1,
   8,
   8,
   8,
   8,
   4,
   4,
   4,
   8,
   8,
   8,
},
-- Table: {8}
{
   0,
   0,
   0,
   0,
   8,
   4,
   8,
   8,
   8,
   8,
   8,
   8,
   8,
   1,
   8,
   8,
   8,
   8,
   8,
   8,
   8,
   8,
   0,
   8,
},
-- Table: {9}
{
   8,
   0,
   0,
   8,
   8,
   4,
   8,
   8,
   8,
   8,
   8,
   8,
   8,
   1,
   8,
   8,
   8,
   8,
   8,
   0,
   0,
   0,
   0,
   8,
},
-- Table: {10}
{
   8,
   8,
   4,
   4,
   4,
   4,
   4,
   4,
   8,
   8,
   8,
   8,
   1,
   1,
   1,
   8,
   8,
   8,
   0,
   0,
   0,
   8,
   0,
   0,
},
-- Table: {11}
{
   8,
   8,
   8,
   8,
   8,
   8,
   8,
   4,
   8,
   8,
   8,
   1,
   1,
   1,
   1,
   1,
   8,
   8,
   8,
   0,
   8,
   0,
   0,
   8,
},
-- Table: {12}
{
   4,
   4,
   4,
   4,
   4,
   8,
   8,
   4,
   8,
   8,
   1,
   1,
   1,
   1,
   1,
   1,
   1,
   8,
   4,
   4,
   4,
   4,
   4,
   4,
},
-- Table: {13}
{
   4,
   6,
   6,
   6,
   4,
   8,
   8,
   4,
   8,
   1,
   1,
   1,
   1,
   1,
   1,
   1,
   1,
   1,
   4,
   6,
   6,
   4,
   6,
   4,
},
-- Table: {14}
{
   4,
   6,
   6,
   6,
   4,
   8,
   1,
   11,
   1,
   1,
   1,
   1,
   1,
   1,
   1,
   1,
   1,
   1,
   6,
   6,
   6,
   15,
   6,
   4,
},
-- Table: {15}
{
   4,
   6,
   6,
   6,
   4,
   8,
   1,
   4,
   8,
   1,
   1,
   1,
   1,
   1,
   1,
   1,
   1,
   1,
   4,
   6,
   6,
   4,
   6,
   4,
},
-- Table: {16}
{
   4,
   11,
   4,
   4,
   4,
   6,
   1,
   4,
   8,
   8,
   1,
   1,
   1,
   1,
   1,
   1,
   1,
   8,
   4,
   4,
   4,
   4,
   4,
   4,
},
-- Table: {17}
{
   4,
   6,
   4,
   6,
   6,
   6,
   6,
   4,
   8,
   8,
   8,
   1,
   1,
   1,
   1,
   1,
   8,
   8,
   8,
   8,
   8,
   8,
   8,
   8,
},
-- Table: {18}
{
   4,
   6,
   4,
   6,
   4,
   4,
   4,
   4,
   4,
   4,
   4,
   8,
   1,
   1,
   1,
   8,
   8,
   8,
   8,
   8,
   8,
   8,
   8,
   8,
},
-- Table: {19}
{
   4,
   6,
   6,
   6,
   4,
   6,
   6,
   6,
   6,
   6,
   4,
   8,
   8,
   1,
   8,
   8,
   8,
   8,
   4,
   4,
   4,
   4,
   8,
   8,
},
-- Table: {20}
{
   4,
   6,
   4,
   6,
   4,
   6,
   0,
   6,
   0,
   6,
   4,
   8,
   8,
   1,
   1,
   1,
   1,
   1,
   1,
   1,
   1,
   4,
   8,
   8,
},
-- Table: {21}
{
   4,
   6,
   4,
   6,
   6,
   6,
   6,
   6,
   6,
   6,
   4,
   8,
   4,
   4,
   4,
   4,
   4,
   8,
   1,
   1,
   1,
   4,
   8,
   8,
},
-- Table: {22}
{
   4,
   6,
   6,
   6,
   4,
   6,
   6,
   6,
   6,
   6,
   4,
   4,
   4,
   6,
   6,
   3,
   4,
   8,
   1,
   1,
   1,
   4,
   8,
   8,
},
-- Table: {23}
{
   4,
   4,
   6,
   4,
   4,
   6,
   0,
   6,
   0,
   6,
   6,
   6,
   6,
   15,
   6,
   3,
   4,
   8,
   8,
   1,
   8,
   8,
   8,
   8,
},
-- Table: {24}
{
   8,
   0,
   0,
   0,
   4,
   6,
   6,
   6,
   6,
   6,
   4,
   4,
   4,
   6,
   6,
   3,
   4,
   8,
   8,
   1,
   8,
   8,
   8,
   8,
},
-- Table: {25}
{
   8,
   8,
   0,
   0,
   4,
   4,
   4,
   4,
   4,
   4,
   4,
   8,
   4,
   4,
   4,
   4,
   4,
   8,
   8,
   1,
   8,
   8,
   8,
   8,
},
}